0.0 2.634000490608912e-06 4.245579756312345e-06 5.0500532114972074e-06 5.248905916688251e-06 5.029423607028072e-06 4.564438671694759e-06 4.012140751241677e-06 3.5159157387720796e-06 3.2041889254652567e-06 3.190258167307114e-06 
0.0 2.2005356876686477e-06 3.474892031452015e-06 4.01535751304305e-06 4.005938190054792e-06 3.621402982600941e-06 3.0264657813194873e-06 2.3750529297705825e-06 1.8096176617743431e-06 1.4604745674495767e-06 1.445137287392484e-06 
0.0 1.7394356888189577e-06 2.6511181253630056e-06 2.905549521758921e-06 2.669758634166186e-06 2.1060114551163522e-06 1.3706441212013587e-06 6.129670235832663e-07 2.5798872482774016e-08 4.135814609673716e-07 4.285304011641955e-07 
0.0 1.2618667705188713e-06 1.7961575250469153e-06 1.7524976967386863e-06 1.2811930188982856e-06 5.318401291587449e-07 3.479831617303475e-07 1.2139991399928718e-06 1.9265229078690993e-06 2.3517955616281228e-06 2.363376277569884e-06 
0.0 7.84889454208404e-07 9.435240271304934e-07 6.050666702117624e-07 9.70390884313943e-08 1.0263350591621645e-06 2.0445982662486983e-06 3.01312857542424e-06 3.794116836264294e-06 4.252125151649189e-06 4.255699584287953e-06 
0.0 3.3347493810786943e-07 1.4232556999616008e-07 4.650441212117329e-07 1.372779896091636e-06 2.458499640978218e-06 3.5942792017129577e-06 4.647761877252243e-06 5.483440580378307e-06 5.9641497280882305e-06 5.9527913934820376e-06 
0.0 5.6885503862957876e-08 5.37581456683256e-07 1.3557291894672474e-06 2.414634327041476e-06 3.60761982753921e-06 4.8185338922257515e-06 5.922484490383795e-06 6.78686044319754e-06 7.272685871750895e-06 7.236340482053016e-06 
0.0 3.369546992537664e-07 9.991874672099499e-07 1.9249938352228213e-06 3.039573717056321e-06 4.254575159068352e-06 5.467889369392687e-06 6.5637867402434935e-06 7.413471933781501e-06 7.876122134042873e-06 7.800456171214165e-06 
0.0 4.4109144403670086e-07 1.112740850239824e-06 1.9819707502977124e-06 3.000046619461294e-06 4.100978625243279e-06 5.200326147813961e-06 6.194422249583553e-06 6.960135059297379e-06 7.355276355536233e-06 7.219752259590706e-06 
0.0 2.979692205196116e-07 7.336990862638615e-07 1.305946297769367e-06 1.9966881670274716e-06 2.7686613368604895e-06 3.562723294603387e-06 4.295234926732228e-06 4.855782570367673e-06 5.105623918755242e-06 4.87724038344961e-06 
0 0 0 0 0 0 0 0 0 0 0 
